
22452
22454
22456
22458
22462
22466
22470
22474
22478
22482
22486
22490
22494

22958 - 22962
22985
23028

23105
23108 - 23112
23124
23150
23153
23156 - 23157
23161
23166
23169 - 23172
23659
23664
23671 - 23678
23679 - 23700

24145
24201 - 24226
24228 - 24233
24235 - 24236
24238 - 24247


24251
24252
24255
24257
24264
24300
24304


29005
29013
29020
29030 - 29038
29039 - 29053


29825 - 29832
29835 - 29836
29838
29862 - 29864
29865
29867
29869
29871
29872 - 29879
29909
29911
29917
29920
29925
29931 - 29932
29935
29944
29948 - 29949

30971 - 30974
30977 - 30979
30981 - 30982
30984 - 30989
30991 - 30994
31001 - 31002

32000
32004 - 32009

