//key money boolean(general store) - Name - item quantity and repeat
1 995 true - General Store - 1931 100 1935 100 1735 100 1925 100 1923 100 1887 100 590 100 1755 100 2347 100 952 100 550 100 9003 100 1739 100 950 100 1635 100 7650 100 1662 100
2 995 false - Weapon Shop - 1323 100 1325 100 1329 100 1331 100 1333 100 4587 100 1305 100 1377 100 1434 100 1215 100 3204 100 5698 100 7158 100 6746 100 20671 1000 4153 1000 11037 1000
3 995 false - Lumbridge Fishing Supplies - 303 5 307 10 309 10 13431 10 313 1000 314 1000 317 0 327 0 345 0 321 0 335 0 349 0 331 0 13435 0
4 995 false - Summoning Shop - 12155 2147000000 12183 2147000000 12158 2147000000 12159 2147000000 12160 2147000000 12163 2147000000 2859 5000000 2138 5000000 6291 5000000 3363 5000000 20903 5000000 6319 5000000 1783 5000000 3095 5000000 2134 5000000 3138 5000000 6032 5000000 10033 5000000 3325 5000000 12156 5000000 1519 5000000 2351 5000000 9978 5000000 2353 5000000 10099 5000000 2359 5000000 7939 5000000 1963 5000000 2361 5000000 1442 5000000 1440 5000000 1438 5000000 1444 5000000 2362 5000000 12161 5000000 1115 5000000 10818 5000000 1119 5000000
5 995 true - Beefy Bill's Supplies - 1931 30 1929 10 1937 10 2313 10 1887 10 590 10 1735 10 1951 10 1969 10 1949 10 9703 10 9704 10 9705 10 9706 30
6 995 false - Peksa's Helmet Shop - 1139 10 1137 10 1141 10 1143 10 1145 10 1155 10 1153 10 1157 10 1165 10 1159 10 1161 10
7 995 false - Donator Potions - 23531 100000 23243 100000 23255 100000 23279 100000 23291 100000 23303 100000 23315 100000 23351 100000 23363 100000 23387 100000 23399 100000 23423 100000 23483 100000 23495 100000 23501 100000 23507 100000 23513 100000 23519 100000 23525 100000 23609 100000
8 995 true - Varrock General Store - 1931 30 1935 10 1735 10 1925 30 1923 10 1887 10 590 10 1755 10 2347 10 550 10 9003 10
9 995 false - Runecrafting Shop - 1437 20000 7937 20000 5509 999999999 5510 999999999 5512 999999999 5514 999999999 554 999999999 555 999999999 556 999999999 557 999999999 558 999999999 560 999999999 561 999999999 562 999999999 563 999999999 564 999999999 565 999999999 566 999999999 9075 999999999 4694 999999999 4695 999999999 4697 999999999 4698 999999999 4699 999999999
10 995 false - Magic shop - 1379 100000 1391 100000 1389 100000 1381 100000 1383 100000 1385 100000 1387 100000 554 999999999 555 999999999 556 999999999 557 999999999 558 999999999 560 999999999 561 999999999 562 999999999 563 999999999 564 999999999 565 999999999 566 999999999 9075 999999999 4694 999999999 4695 999999999 4697 999999999 4698 999999999 559 999999999 4699 999999999 6914 10000
11 995 false - Aubury's Rune Shop - 554 300 555 300 556 300 557 300 558 100 559 100 562 30 560 10
12 995 false - Scavvo's Rune Store - 1093 10 1079 10 1432 10 1113 10 1289 10 1303 10 1099 10 1065 10 1169 10
13 22451 false - Polypore Dungeon Shop - 22482 100 22486 100 22490 100 22470 100 22474 100 22478 100 22458 100 22462 100 22466 100 22498 100
14 995 false - Ranged Shop - 882 999000000 886 999000000 888 999000000 890 999000000 892 999000000 11212 999000000 9144 999000000 9243 999000000 9242 999000000 9245 999000000 9341 999000000 9244 999000000 841 100000 857 100000 861 100000 9185 100000 1099 100000 1135 100000 1065 100000 2497 100000 2503 100000 2491 100000 10499 100000 2581 1000 2577 1000 6328 1000 11235 100000 4212 1000 21365 999000000 10034 999000000
15 995 false - Armour Shop - 4121 100 1067 100 1115 100 1153 100 1191 100 4127 100 1071 100 1121 100 1159 100 1197 100 4129 100 1073 100 1123 100 1161 100 1199 100 4131 100 1079 100 1127 100 1163 100 1201 100 11732 100 4087 100 3140 100 11335 100 1187 100 1540 100
16 995 false - Dodgy Derek's Dirty Deals - 1523 2 6412 5 18644 100 590 10 954 10
17 995 false - Corporeal Shop - 13734 100 13754 100
18 995 false - Skillcape Shop - 9748 100000 9751 100000 9754 100000 9757 100000 9760 100000 9763 100000 9766 100000 9769 100000 9772 100000 9775 100000 9778 100000 9781 100000 9784 100000 9787 100000 9790 100000 9793 100000 9796 100000 9799 100000 9802 100000 9805 100000 9808 100000 9811 100000 9949 100000 12170 100000 18508 1000 19709 1000 20708 1000
19 995 false - Crafting Shop - 1755 100000 1625 100000 1627 100000 1629 100000 1623 100000 1621 100000 1619 100000 1617 100000 1631 100000 1595 100000 1609 1000 1611 1000 1613 1000 1607 1000 1605 1000 1603 1000 1601 1000 1615 1000 1712 10000 1725 10000 1727 10000 1729 10000 1731 10000 6585 10000 2550 10000
20 995 false - Herblore Shop - 227 2147483647 228 2147483647 233 100000 199 100000 201 100000 203 100000 205 100000 207 100000 209 100000 211 100000 213 100000 3051 100000 215 100000 2485 100000 217 100000 219 100000 221 100000 223 100000 225 100000 231 100000 235 100000 239 100000 241 100000 245 100000 247 100000 12539 100000
21 995 false - Woodcutting & Mining Shop - 1351 100000 1349 100000 1353 100000 1361 100000 1355 100000 1357 100000 1359 100000 6739 100000 952 100000 590 100000 13661 100000 1511 100000 1521 100000 1519 100000 1517 100000 1265 100000 1267 100000 1269 100000 1273 100000 1271 100000 1275 100000 15259 100000 436 100000 438 100000 440 100000 453 100000 447 100000 449 100000 2347 100000 946 100000
22 995 false - Fishing & Food - 378 100000 380 100000 372 100000 374 100000 7945 100000 7947 100000 384 100000 386 100000 15271 100000 15273 250000000 301 10000 303 10000 305 10000 307 10000 309 10000 311 10000 313 100000 314 999999999 590 10000
23 995 false - Summoning Starter Ingredients - 12155 2147000000 15262 100000 12183 2147000000 2859 999999999 2138 999999999 6291 999999999 6319 999999999 1783 999999999 2134 999999999 137 999999999 6032 999999999 3325 999999999 12156 999999999 6010 999999999 12153 999999999 12109 999999999 12111 999999999 12113 999999999 12115 999999999 12117 999999999 12119 999999999 12121 999999999 1635 999999999
24 995 false - Summoning Intermediate Ingredients - 12155 2147000000 15262 100000 12183 2147000000 9978 999999999 1937 999999999 10103 999999999 10095 999999999 10099 999999999 6667 999999999 9736 999999999 7801 999999999 6287 999999999 8431 999999999 2150 999999999 7939 999999999 1963 999999999 1933 999999999 10117 999999999 14616 999999999 6979 999999999 2464 999999999
25 995 false - Summoning Master Ingredients - 12155 2147000000 15262 100000 12183 2147000000 2132 999999999 10020 999999999 5933 999999999 1442 999999999 1440 999999999 1438 999999999 1444 999999999 571 999999999 6155 999999999 10149 999999999 237 999999999 3226 999999999 10818 999999999 1119 999999999
26 995 false - Hunting Expert Shop - 10006 1500000 10008 1500000
27 995 false - Pure Shop - 6106 20000 6107 20000 6108 20000 6109 20000 6110 20000 6111 20000 868 200000000 9185 20000 22420 20000 22421 20000 22422 20000 22423 20000 22424 20000 22425 20000 3105 20000 15126 20000 2550 10000 6528 20000 2412 20000 2413 20000 2414 20000 6889 20000 11128 10000 74 1000 75 1000 656 1000 658 1000 660 1000 662 1000 664 1000 10462 1000 10466 1000 10458 1000 10464 1000 10460 1000 
28 -2 false - Loyalty shop - 20958 10000 22268 10000 20962 10000 22270 10000 20967 10000 22272 10000 22280 10000 22282 10000 22284 10000 22286 10000 20966 10000 22274 10000 22288 10000 22288 10000 22290 10000 20965 10000 22276 10000 22292 10000 22294 10000 22300 10000 22296 10000 22298 10000 22302 10000 23874 10000 23876 10000 23854 10000
29 995 false - Barrows Shop - 4716 1000 4720 1000 4722 1000 4718 1000 4710 1000 4708 1000 4712 1000 4714 1000 4753 1000 4755 1000 4757 1000 4759 1000 4745 1000 4747 1000 4749 1000 4751 1000 4724 1000 4726 1000 4728 1000 4730 1000 4732 1000 4734 1000 4736 1000 4738 1000 4740 999999999
30 995 false - Pking Shop - 10828 1000 3753 100 3751 100 3749 100 3755 100 3486 1000 3481 1000 3483 1000 3485 1000 4091 1000 4093 1000 6918 10000 6916 10000 6924 10000 6922 10000 6920 10000 6889 10000 12681 1000 12675 1000
31 995 false - Potion Shop - 2436 100000 2440 100000 2442 100000 3024 100000 2444 100000 3040 100000 6685 100000 2452 100000 2446 100000 3016 100000 21630 100000
32 995 false - Follower Shop - 22992 1000 12512 1000 12700 1000 12702 1000 12496 1000 12682 1000 12684 1000 12686 1000 12688 1000 12690 1000 12692 1000 12694 1000 12696 1000 12698 1000 12522 1000 12720 1000 12722 1000 12518 1000 12712 1000 12714 1000 12481 1000 12763 1000 12765 1000 12473 1000 12471 1000 12469 1000 12475 1000 12498 1000 12130 1000 12129 1000 
33 995 false - Donator Shop - 11665 500 11663 500 11664 500 8839 500 8840 500 8842 500 15017 500 10346 500 10348 500 10350 500 10352 500 10332 500 10330 500 10334 500 10336 500 10340 500 10338 500 10342 500 10344 500 24437 500 18744 500 18745 500 18746 500 19673 500 19674 500 19672 500
34 12852 false - Pk Points Shop - 22358 1000 22359 1000 22360 1000 22361 1000 22362 1000 22363 1000 22364 1000 22365 1000 15444 1000 15443 1000 15442 1000 15441 1000 23659 1000 20805 1000
35 995 false - Cool Stuff Shop - 4675 1000 24092 1000 24094 1000 24096 1000 24098 1000 14499 1000 14497 1000 14501 1000 15241 1000 15243 10000 20949 1000 20950 1000 20951 1000 20952 1000 24388 1000 24382 1000 24379 1000 7400 1000 7399 1000 7398 1000 9672 1000 9674 1000 9676 1000 2572 1000 3257 1000 2550 1000 21250 1000
36 995 false - Construction Shop - 1512 100000 1522 100000 6334 100000 8836 100000 8784 100000 8787 100000
37 8851 false - Level Up Shop - 10732 1000 5609 1000 11021 1000 11020 1000 11022 1000 11019 1000 19708 1000 19706 1000 19707 1000 24150 1000 24149 1000 15507 1000 15509 1000 15511 1000 15503 1000 15505 1000 773 1000 24329 1000 24330 1000 24331 1000 24332 1000 24333 1000 13101 1000 24108 1000 24110 1000 24112 1000 24114 1000 10548 1000 10551 1000
38 1464 false - Dungeoneering Shop - 18349 1000 18351 1000 18353 1000 18355 1000 18357 1000 18359 1000 18363 1000 18361 1000 18335 1000 19888 1000 18337 1000 19669 1000 18346 1000
39 995 false - Prestige Shop - 19336 1000 19337 1000 19338 1000 25320 1000 24186 1000
40 995 false - 5th Prestige Shop - 19336 1000 19337 1000 19338 1000 25320 1000 24186 1000 24189 1000 23673 1000
41 995 false - 10th Prestige Shop - 17259 1000 16689 1000 16711 1000 19336 1000 19337 1000 19338 1000 25320 1000 24186 1000 24189 1000 24189 23673 1000 23673 1000
42 995 false - 742 Shop - 24639 1000 24641 1000 24643 1000 24645 1000 24649 1000 24651 1000 25110 1000 25112 1000 25322 1000 25124 1000 25120 1000 611 100
43 995 false - Flag Shop - 8966 1000 8967 1000 8968 1000 8969 1000 8970 1000 8971 1000
44 4067 false - Castle Wars Shop - 4513 1000 4514 1000 4515 1000 4516 1000 18704 1000 18705 1000 18706 1000 18707 1000 18708 1000 18709
45 995 false - Extreme Donator Shop - 437 50000 439 50000 441 50000 443 50000 445 50000 448 50000 450 50000 452 50000 454 50000 6583 1000
46 995 false - Max/Comp Cape Shop - 20767 1000 20768 1000 20769 1000 20770 1000 20771 1000 20772 1000
47 995 false - Noted Flasks Shop - 23244 100000 23256 100000 23280 100000 23292 100000 23304 100000 23316 100000 23352 100000 23364 100000 23388 100000 23400 100000 23424 100000 23484 100000 23496 100000 23502 100000 23508 100000 23514 100000 23520 100000 23526 100000 23610 100000
48 995 false - Slayer Shop - 4155 10000
49 995 false - Farming Shop - 5341 100000 5343 100000 1925 100000 5340 100000 5318 100000 199 100000 5096 100000
50 995 false - Korasi's Shop - 19780 10000
51 995 false - V.I.P Donator Shop - 28783 10000 28784 10000 28785 10000 28786 10000 28787 10000
52 995 false - Veteran Shop - 20764 10000 20763 10000
53 995 false - Sawmill Shop - 8794 10 8790 30 4819 300 4820 300 1539 300
54 995 false - Male Outfit Shop - 10400 1000 10402 1000 10404 1000 10406 1000 10408 1000 10410 1000 10412 1000 10414 1000 10416 1000 10418 1000 2639 1000 2641 1000 2643 1000 11280 1000 1949 1000 775 1000 9470 1000 10394 1000 13672 1000 13673 1000 13674 1000 13675 1000 2912 1000 13666 1000 626 1000 628 1000 630 1000 632 1000 634 1000  
55 995 false - Skillcape Hood Shop - 9749 100000 9752 100000 9755 100000 9758 100000 9761 100000 9764 100000 9767 100000 9770 100000 9773 100000 9776 100000 9779 100000 9782 100000 9785 100000 9788 100000 9791 100000 9794 100000 9797 100000 9800 100000 9803 100000 9806 100000 9809 100000 9812 100000 9950 100000 12171 100000 18510 1000
56 8851 false - Level Up Shop - 13107 1000 13109 1000 13111 1000 13113 1000 13115 1000
57 995 false - V.I.P. Shop - 2460 1000 2462 1000 2464 1000 2466 1000 2468 1000 2470 1000 2472 1000 2474 1000 2476 1000 17291 1000 1516 50000 1514 50000 19308 1000 19311 1000 19314 1000 19317 1000 19320 1000
58 995 false - F2P Shop - 1333 1000 1303 1000 1289 1000 1319 1000 853 1000 851 1000 890 999999999 1731 1000 1725 1000 1727 1000 1127 1000 1113 1000 1079 1000 1147 1000 1163 1000 1185 1000 1201 1000 1135 1000 1099 1000 1065 1000 542 1000 544 1000 13973 1000 13976 1000 13979 1000 13982 1000 13985 1000 13988 1000 114 10000 374 10000 380 10000 4325 1000 4345 1000 4365 1000 4385 1000 4405 1000 
59 995 false - Female Outfit Shop - 10420 1000 10422 1000 10424 1000 10426 1000 10428 1000 10430 1000 10432 1000 10434 1000 10436 1000 10438 1000 2639 1000 2641 1000 2643 1000 11280 1000 1949 1000 775 1000 9470 1000 10394 1000 13672 1000 13673 1000 13674 1000 13675 1000 2912 1000 13666 1000 626 1000 628 1000 630 1000 632 1000 634 1000 
60 995 false - Iron Man Shop - 1733 10000 1734 10000 1755 10000 2347 10000 1265 10000 1351 10000 946 10000 590 10000 307 10000 309 10000 311 10000 301 10000 1540 10000 228 10000
61 995 false - Fish! - 361 25000 379 5000 385 100000 391 2500
62 995 false - Firemaking and Fletching - 946 1200 590 1000 1511 100000 1513 100000 1515 100000 1517 100000 1519 1000000 1521 100000